5|Close_NoOpen|30268.03|1000000|0|0|0|0|0.0
6|Close_NoOpen|29084.37|1000000|0|0|0|0|0.0
7|Close_NoOpen|29635.6|1000000|0|0|0|0|0.0
8|Close_NoOpen|29507.5|1000000|0|0|0|0|0.0
9|Hold|29167.72|1000000.0|0|0|0|0|0.0
10|Close_NoOpen|28593.31|1000000.0|0|0|0|0|0.0
11|Hold|28998.65|1000000.0|0|0|0|0|0.0
12|Close_NoOpen|29444.74|1000000.0|0|0|0|0|0.0
13|Close_NoOpen|31718.42|1000000.0|0|0|0|0|0.0
14|Close_NoOpen|31775.65|1000000.0|0|0|0|0|0.0
15|Hold|29782.58|1000000.0|0|0|0|0|0.0
16|Close_NoOpen|30430.04|1000000.0|0|0|0|0|0.0
17|Long_Open|29671.45|1000000.0|0|1|3.370243112486919|100000.0|100000.0
18|Close|29846.27|1000488.5967150241|488.5967150240352|0|0|0|0.0
19|Close_NoOpen|29890.97|1000488.5967150241|488.5967150240352|0|0|0|0.0
20|Close_NoOpen|31348.0|1000488.5967150241|488.5967150240352|0|0|0|0.0
21|Close_NoOpen|31098.93|1000488.5967150241|488.5967150240352|0|0|0|0.0
22|Hold|30181.34|1000488.5967150241|488.5967150240352|0|0|0|0.0
23|Close_NoOpen|30077.71|1000488.5967150241|488.5967150240352|0|0|0|0.0
24|Long_Open|29062.58|1000488.5967150241|488.5967150240352|1|3.442531931834765|100048.85967150242|100048.85967150242
25|Close|28380.0|998041.0942127667|-1958.905787233222|0|0|0|0.0
26|Close_NoOpen|26551.52|998041.0942127667|-1958.905787233222|0|0|0|0.0
27|Hold|22460.52|998041.0942127667|-1958.905787233222|0|0|0|0.0
28|Hold|22104.28|998041.0942127667|-1958.905787233222|0|0|0|0.0
29|Close_NoOpen|22568.58|998041.0942127667|-1958.905787233222|0|0|0|0.0
30|Close_NoOpen|20376.76|998041.0942127667|-1958.905787233222|0|0|0|0.0
31|Close_NoOpen|20442.23|998041.0942127667|-1958.905787233222|0|0|0|0.0
32|Close_NoOpen|18949.08|998041.0942127667|-1958.905787233222|0|0|0|0.0
33|Hold|20558.14|998041.0942127667|-1958.905787233222|0|0|0|0.0
34|Close_NoOpen|20539.82|998041.0942127667|-1958.905787233222|0|0|0|0.0
35|Hold|20704.85|998041.0942127667|-1958.905787233222|0|0|0|0.0
36|Close_NoOpen|19973.04|998041.0942127667|-1958.905787233222|0|0|0|0.0
37|Close_NoOpen|21091.3|998041.0942127667|-1958.905787233222|0|0|0|0.0
38|Close_NoOpen|21218.44|998041.0942127667|-1958.905787233222|0|0|0|0.0
39|Hold|21469.62|998041.0942127667|-1958.905787233222|0|0|0|0.0
40|Close_NoOpen|21026.26|998041.0942127667|-1958.905787233222|0|0|0|0.0
41|Hold|20722.93|998041.0942127667|-1958.905787233222|0|0|0|0.0
42|Close_NoOpen|20253.07|998041.0942127667|-1958.905787233222|0|0|0|0.0
43|Hold|20099.67|998041.0942127667|-1958.905787233222|0|0|0|0.0
44|Close_NoOpen|19937.23|998041.0942127667|-1958.905787233222|0|0|0|0.0
45|Close_NoOpen|19256.75|998041.0942127667|-1958.905787233222|0|0|0|0.0
46|Close_NoOpen|19226.53|998041.0942127667|-1958.905787233222|0|0|0|0.0
47|Close_NoOpen|19290.68|998041.0942127667|-1958.905787233222|0|0|0|0.0
48|Close_NoOpen|20212.61|998041.0942127667|-1958.905787233222|0|0|0|0.0
49|Close_NoOpen|20157.22|998041.0942127667|-1958.905787233222|0|0|0|0.0
50|Close_NoOpen|20544.74|998041.0942127667|-1958.905787233222|0|0|0|0.0
51|Close_NoOpen|21615.25|998041.0942127667|-1958.905787233222|0|0|0|0.0
52|Close_NoOpen|21595.99|998041.0942127667|-1958.905787233222|0|0|0|0.0
53|Long_Open|21581.42|998041.0942127667|-1958.905787233222|1|4.624538580931036|99804.10942127668|99804.10942127668
54|Close|20844.56|994537.0602420995|-5462.93975790059|0|0|0|0.0
55|Hold|19946.01|994537.0602420995|-5462.93975790059|0|0|0|0.0
56|Long_Open|19308.37|994537.0602420995|-5462.93975790059|1|5.15080796691849|99453.70602420995|99453.70602420995
57|Close|20219.7|999126.9982747425|-873.0017252574571|0|0|0|0.0
58|Close_NoOpen|20576.51|999126.9982747425|-873.0017252574571|0|0|0|0.0
59|Close_NoOpen|20825.45|999126.9982747425|-873.0017252574571|0|0|0|0.0
60|Close_NoOpen|21190.34|999126.9982747425|-873.0017252574571|0|0|0|0.0
61|Close_NoOpen|20798.5|999126.9982747425|-873.0017252574571|0|0|0|0.0
62|Close_NoOpen|22422.05|999126.9982747425|-873.0017252574571|0|0|0|0.0
63|Close_NoOpen|23392.19|999126.9982747425|-873.0017252574571|0|0|0|0.0
64|Close_NoOpen|23225.6|999126.9982747425|-873.0017252574571|0|0|0|0.0
65|Close_NoOpen|23151.58|999126.9982747425|-873.0017252574571|0|0|0|0.0
66|Close_NoOpen|22684.3|999126.9982747425|-873.0017252574571|0|0|0|0.0
67|Long_Open|22449.31|999126.9982747425|-873.0017252574571|1|4.450591124069036|99912.69982747427|99912.69982747427
68|Close|22591.28|999658.3041463773|-341.69585362274734|0|0|0|0.0
69|Close_NoOpen|21316.22|999658.3041463773|-341.69585362274734|0|0|0|0.0
70|Hold|21255.55|999658.3041463773|-341.69585362274734|0|0|0|0.0
71|Close_NoOpen|22958.18|999658.3041463773|-341.69585362274734|0|0|0|0.0
72|Close_NoOpen|23849.44|999658.3041463773|-341.69585362274734|0|0|0|0.0
73|Close_NoOpen|23782.99|999658.3041463773|-341.69585362274734|0|0|0|0.0
74|Close_NoOpen|23650.19|999658.3041463773|-341.69585362274734|0|0|0|0.0
75|Close_NoOpen|23304.65|999658.3041463773|-341.69585362274734|0|0|0|0.0
76|Long_Open|23275.88|999658.3041463773|-341.69585362274734|1|4.294824961060021|99965.83041463773|99965.83041463773
77|Close|22990.75|998334.9794582567|-1665.0205417432949|0|0|0|0.0
78|Close_NoOpen|22824.55|998334.9794582567|-1665.0205417432949|0|0|0|0.0
79|Close_NoOpen|22622.27|998334.9794582567|-1665.0205417432949|0|0|0|0.0
80|Close_NoOpen|23317.38|998334.9794582567|-1665.0205417432949|0|0|0|0.0
81|Close_NoOpen|22959.28|998334.9794582567|-1665.0205417432949|0|0|0|0.0
82|Close_NoOpen|23177.81|998334.9794582567|-1665.0205417432949|0|0|0|0.0
83|Close_NoOpen|23816.87|998334.9794582567|-1665.0205417432949|0|0|0|0.0
84|Close_NoOpen|23155.85|998334.9794582567|-1665.0205417432949|0|0|0|0.0
85|Long_Open|23964.88|998334.9794582567|-1665.0205417432949|1|4.165825071764418|99833.49794582567|99833.49794582567
86|Close|23940.07|998131.8951944005|-1868.1048055995655|0|0|0|0.0
87|Long_Open|24412.39|998131.8951944005|-1868.1048055995655|1|4.0886283366536444|99813.18951944006|99813.18951944006
88|Close|24458.58|998220.7468940081|-1779.2531059918244|0|0|0|0.0
89|Close_NoOpen|24315.55|998220.7468940081|-1779.2531059918244|0|0|0|0.0
90|Close_NoOpen|24096.82|998220.7468940081|-1779.2531059918244|0|0|0|0.0
91|Close_NoOpen|23855.35|998220.7468940081|-1779.2531059918244|0|0|0|0.0
92|Long_Open|23335.92|998220.7468940081|-1779.2531059918244|1|4.277614711114918|99822.07468940083|99822.07468940083
93|Close|23198.25|997532.6145012568|-2467.3854987431373|0|0|0|0.0
94|Close_NoOpen|20829.32|997532.6145012568|-2467.3854987431373|0|0|0|0.0
95|Hold|21141.95|997532.6145012568|-2467.3854987431373|0|0|0|0.0
96|Long_Open|21512.28|997532.6145012568|-2467.3854987431373|1|4.637038075467858|99753.26145012569|99753.26145012569
97|Close|21397.0|996898.8380482162|-3101.1619517838553|0|0|0|0.0
98|Close_NoOpen|21528.61|996898.8380482162|-3101.1619517838553|0|0|0|0.0
99|Close_NoOpen|21367.42|996898.8380482162|-3101.1619517838553|0|0|0|0.0
100|Hold|21558.82|996898.8380482162|-3101.1619517838553|0|0|0|0.0
101|Close_NoOpen|20243.48|996898.8380482162|-3101.1619517838553|0|0|0|0.0
102|Hold|20039.86|996898.8380482162|-3101.1619517838553|0|0|0|0.0
103|Close_NoOpen|19552.34|996898.8380482162|-3101.1619517838553|0|0|0|0.0
104|Hold|20290.0|996898.8380482162|-3101.1619517838553|0|0|0|0.0
105|Close_NoOpen|19812.65|996898.8380482162|-3101.1619517838553|0|0|0|0.0
106|Hold|20060.32|996898.8380482162|-3101.1619517838553|0|0|0|0.0
107|Close_NoOpen|20132.97|996898.8380482162|-3101.1619517838553|0|0|0|0.0
108|Hold|19954.16|996898.8380482162|-3101.1619517838553|0|0|0|0.0
109|Close_NoOpen|19832.06|996898.8380482162|-3101.1619517838553|0|0|0|0.0
110|Close_NoOpen|20002.38|996898.8380482162|-3101.1619517838553|0|0|0|0.0
111|Close_NoOpen|19795.12|996898.8380482162|-3101.1619517838553|0|0|0|0.0
112|Close_NoOpen|18790.39|996898.8380482162|-3101.1619517838553|0|0|0|0.0
113|Hold|19290.53|996898.8380482162|-3101.1619517838553|0|0|0|0.0
114|Close_NoOpen|19322.54|996898.8380482162|-3101.1619517838553|0|0|0|0.0
115|Close_NoOpen|21360.97|996898.8380482162|-3101.1619517838553|0|0|0|0.0
116|Close_NoOpen|21650.6|996898.8380482162|-3101.1619517838553|0|0|0|0.0
117|Close_NoOpen|21830.0|996898.8380482162|-3101.1619517838553|0|0|0|0.0
118|Close_NoOpen|22400.0|996898.8380482162|-3101.1619517838553|0|0|0|0.0
119|Close_NoOpen|20173.75|996898.8380482162|-3101.1619517838553|0|0|0|0.0
120|Hold|20231.0|996898.8380482162|-3101.1619517838553|0|0|0|0.0
121|Long_Open|19698.24|996898.8380482162|-3101.1619517838553|1|5.0608523301991255|99689.88380482163|99689.88380482163
122|Close|19800.4|997315.6478217904|-2684.3521782095877|0|0|0|0.0
123|Close_NoOpen|20112.04|997315.6478217904|-2684.3521782095877|0|0|0|0.0
124|Close_NoOpen|19417.99|997315.6478217904|-2684.3521782095877|0|0|0|0.0
125|Close_NoOpen|19540.33|997315.6478217904|-2684.3521782095877|0|0|0|0.0
126|Close_NoOpen|18880.27|997315.6478217904|-2684.3521782095877|0|0|0|0.0
127|Hold|18464.23|997315.6478217904|-2684.3521782095877|0|0|0|0.0
128|Close_NoOpen|19403.29|997315.6478217904|-2684.3521782095877|0|0|0|0.0
129|Close_NoOpen|19288.36|997315.6478217904|-2684.3521782095877|0|0|0|0.0
130|Hold|18921.25|997315.6478217904|-2684.3521782095877|0|0|0|0.0
131|Close_NoOpen|18809.61|997315.6478217904|-2684.3521782095877|0|0|0|0.0
132|Close_NoOpen|19226.35|997315.6478217904|-2684.3521782095877|0|0|0|0.0
133|Close_NoOpen|19078.74|997315.6478217904|-2684.3521782095877|0|0|0|0.0
134|Close_NoOpen|19414.16|997315.6478217904|-2684.3521782095877|0|0|0|0.0
135|Close_NoOpen|19590.0|997315.6478217904|-2684.3521782095877|0|0|0|0.0
136|Close_NoOpen|19426.64|997315.6478217904|-2684.3521782095877|0|0|0|0.0
137|Close_NoOpen|19312.12|997315.6478217904|-2684.3521782095877|0|0|0|0.0
138|Close_NoOpen|19057.74|997315.6478217904|-2684.3521782095877|0|0|0|0.0
139|Close_NoOpen|19632.46|997315.6478217904|-2684.3521782095877|0|0|0|0.0
140|Close_NoOpen|20341.67|997315.6478217904|-2684.3521782095877|0|0|0|0.0
141|Close_NoOpen|20158.9|997315.6478217904|-2684.3521782095877|0|0|0|0.0
142|Close_NoOpen|19962.44|997315.6478217904|-2684.3521782095877|0|0|0|0.0
143|Close_NoOpen|19532.6|997315.6478217904|-2684.3521782095877|0|0|0|0.0
144|Long_Open|19419.7|997315.6478217904|-2684.3521782095877|1|5.135587304756461|99731.56478217905|99731.56478217905
145|Close|19441.92|997329.91489417|-2670.0851058299936|0|0|0|0.0
146|Close_NoOpen|19132.28|997329.91489417|-2670.0851058299936|0|0|0|0.0
147|Close_NoOpen|19058.3|997329.91489417|-2670.0851058299936|0|0|0|0.0
148|Long_Open|19153.99|997329.91489417|-2670.0851058299936|1|5.20690422671292|99732.99148941702|99732.99148941702
149|Close|19376.75|998388.9119982376|-1611.0880017623979|0|0|0|0.0
150|Close_NoOpen|19177.11|998388.9119982376|-1611.0880017623979|0|0|0|0.0
151|Long_Open|19071.0|998388.9119982376|-1611.0880017623979|1|5.235115683489265|99838.89119982376|99838.89119982376
152|Close|19262.52|999290.6998333839|-709.3001666160437|0|0|0|0.0
153|Close_NoOpen|19552.63|999290.6998333839|-709.3001666160437|0|0|0|0.0
154|Close_NoOpen|19331.69|999290.6998333839|-709.3001666160437|0|0|0|0.0
155|Hold|19121.38|999290.6998333839|-709.3001666160437|0|0|0|0.0
156|Close_NoOpen|19045.0|999290.6998333839|-709.3001666160437|0|0|0|0.0
157|Close_NoOpen|19165.2|999290.6998333839|-709.3001666160437|0|0|0|0.0
158|Close_NoOpen|19205.51|999290.6998333839|-709.3001666160437|0|0|0|0.0
159|Close_NoOpen|19569.29|999290.6998333839|-709.3001666160437|0|0|0|0.0
160|Close_NoOpen|19330.0|999290.6998333839|-709.3001666160437|0|0|0|0.0
161|Close_NoOpen|20085.39|999290.6998333839|-709.3001666160437|0|0|0|0.0
162|Close_NoOpen|20774.51|999290.6998333839|-709.3001666160437|0|0|0|0.0
163|Close_NoOpen|20297.09|999290.6998333839|-709.3001666160437|0|0|0|0.0
164|Close_NoOpen|20598.6|999290.6998333839|-709.3001666160437|0|0|0|0.0
165|Close_NoOpen|20817.91|999290.6998333839|-709.3001666160437|0|0|0|0.0
166|Long_Open|20631.58|999290.6998333839|-709.3001666160437|1|4.843500593911779|99929.06998333838|99929.06998333838
167|Close|20490.8|998509.5846178033|-1490.4153821966745|0|0|0|0.0
168|Close_NoOpen|20478.31|998509.5846178033|-1490.4153821966745|0|0|0|0.0
169|Long_Open|20148.22|998509.5846178033|-1490.4153821966745|1|4.955820338559948|99850.95846178032|99850.95846178032
170|Close|20206.26|998697.0818359791|-1302.9181640208938|0|0|0|0.0
171|Close_NoOpen|21146.71|998697.0818359791|-1302.9181640208938|0|0|0|0.0
172|Close_NoOpen|21294.08|998697.0818359791|-1302.9181640208938|0|0|0|0.0
173|Close_NoOpen|20908.79|998697.0818359791|-1302.9181640208938|0|0|0|0.0
174|Close_NoOpen|20592.62|998697.0818359791|-1302.9181640208938|0|0|0|0.0
175|Close_NoOpen|18549.79|998697.0818359791|-1302.9181640208938|0|0|0|0.0
176|Hold|15891.72|998697.0818359791|-1302.9181640208938|0|0|0|0.0
177|Close_NoOpen|17553.93|998697.0818359791|-1302.9181640208938|0|0|0|0.0
178|Close_NoOpen|17014.2|998697.0818359791|-1302.9181640208938|0|0|0|0.0
179|Close_NoOpen|16781.45|998697.0818359791|-1302.9181640208938|0|0|0|0.0
180|Close_NoOpen|16298.53|998697.0818359791|-1302.9181640208938|0|0|0|0.0
181|Hold|16587.39|998697.0818359791|-1302.9181640208938|0|0|0|0.0
182|Close_NoOpen|16879.54|998697.0818359791|-1302.9181640208938|0|0|0|0.0
183|Close_NoOpen|16643.82|998697.0818359791|-1302.9181640208938|0|0|0|0.0
184|Close_NoOpen|16680.75|998697.0818359791|-1302.9181640208938|0|0|0|0.0
185|Close_NoOpen|16677.0|998697.0818359791|-1302.9181640208938|0|0|0|0.0
186|Hold|16683.67|998697.0818359791|-1302.9181640208938|0|0|0|0.0
187|Close_NoOpen|16257.27|998697.0818359791|-1302.9181640208938|0|0|0|0.0
188|Hold|15756.6|998697.0818359791|-1302.9181640208938|0|0|0|0.0
189|Close_NoOpen|16207.0|998697.0818359791|-1302.9181640208938|0|0|0|0.0
190|Close_NoOpen|16585.23|998697.0818359791|-1302.9181640208938|0|0|0|0.0
191|Close_NoOpen|16586.52|998697.0818359791|-1302.9181640208938|0|0|0|0.0
192|Close_NoOpen|16510.68|998697.0818359791|-1302.9181640208938|0|0|0|0.0
193|Close_NoOpen|16449.84|998697.0818359791|-1302.9181640208938|0|0|0|0.0
194|Hold|16421.59|998697.0818359791|-1302.9181640208938|0|0|0|0.0
195|Close_NoOpen|16206.23|998697.0818359791|-1302.9181640208938|0|0|0|0.0
196|Close_NoOpen|16435.97|998697.0818359791|-1302.9181640208938|0|0|0|0.0
197|Close_NoOpen|17166.34|998697.0818359791|-1302.9181640208938|0|0|0|0.0
198|Close_NoOpen|16978.09|998697.0818359791|-1302.9181640208938|0|0|0|0.0
199|Close_NoOpen|17096.93|998697.0818359791|-1302.9181640208938|0|0|0|0.0
200|Close_NoOpen|16888.29|998697.0818359791|-1302.9181640208938|0|0|0|0.0
201|Close_NoOpen|17108.14|998697.0818359791|-1302.9181640208938|0|0|0|0.0
202|Close_NoOpen|16967.48|998697.0818359791|-1302.9181640208938|0|0|0|0.0
203|Close_NoOpen|17086.93|998697.0818359791|-1302.9181640208938|0|0|0|0.0
204|Long_Open|16837.64|998697.0818359791|-1302.9181640208938|1|5.931336468982465|99869.70818359792|99869.70818359792
205|Close|17225.36|1000894.6102057736|894.6102057736387|0|0|0|0.0
206|Close_NoOpen|17130.04|1000894.6102057736|894.6102057736387|0|0|0|0.0
207|Close_NoOpen|17128.95|1000894.6102057736|894.6102057736387|0|0|0|0.0
208|Close_NoOpen|17083.83|1000894.6102057736|894.6102057736387|0|0|0|0.0
209|Close_NoOpen|17207.12|1000894.6102057736|894.6102057736387|0|0|0|0.0
210|Close_NoOpen|17777.01|1000894.6102057736|894.6102057736387|0|0|0|0.0
211|Close_NoOpen|17804.53|1000894.6102057736|894.6102057736387|0|0|0|0.0
212|Long_Open|17358.98|1000894.6102057736|894.6102057736387|1|5.76586072572106|100089.46102057736|100089.46102057736
213|Close|16634.43|996621.0440103207|-3378.955989679306|0|0|0|0.0
214|Hold|16777.49|996621.0440103207|-3378.955989679306|0|0|0|0.0
215|Long_Open|16740.51|996621.0440103207|-3378.955989679306|1|5.953349354412266|99662.10440103208|99662.10440103208
216|Close|16437.64|994720.0940778678|-5279.905922132215|0|0|0|0.0
217|Close_NoOpen|16895.87|994720.0940778678|-5279.905922132215|0|0|0|0.0
218|Close_NoOpen|16823.94|994720.0940778678|-5279.905922132215|0|0|0|0.0
219|Hold|16817.45|994720.0940778678|-5279.905922132215|0|0|0|0.0
220|Close_NoOpen|16779.61|994720.0940778678|-5279.905922132215|0|0|0|0.0
221|Close_NoOpen|16834.7|994720.0940778678|-5279.905922132215|0|0|0|0.0
222|Close_NoOpen|16830.67|994720.0940778678|-5279.905922132215|0|0|0|0.0
223|Close_NoOpen|16919.34|994720.0940778678|-5279.905922132215|0|0|0|0.0
224|Close_NoOpen|16701.0|994720.0940778678|-5279.905922132215|0|0|0|0.0
225|Hold|16541.63|994720.0940778678|-5279.905922132215|0|0|0|0.0
226|Close_NoOpen|16624.0|994720.0940778678|-5279.905922132215|0|0|0|0.0
227|Close_NoOpen|16599.7|994720.0940778678|-5279.905922132215|0|0|0|0.0
228|Close_NoOpen|16525.78|994720.0940778678|-5279.905922132215|0|0|0|0.0
229|Close_NoOpen|16610.74|994720.0940778678|-5279.905922132215|0|0|0|0.0
230|Close_NoOpen|16667.33|994720.0940778678|-5279.905922132215|0|0|0|0.0
231|Close_NoOpen|16666.58|994720.0940778678|-5279.905922132215|0|0|0|0.0
232|Close_NoOpen|16845.4|994720.0940778678|-5279.905922132215|0|0|0|0.0
233|Close_NoOpen|16824.44|994720.0940778678|-5279.905922132215|0|0|0|0.0
234|Close_NoOpen|16943.75|994720.0940778678|-5279.905922132215|0|0|0|0.0
235|Close_NoOpen|16937.29|994720.0940778678|-5279.905922132215|0|0|0|0.0
236|Close_NoOpen|17120.34|994720.0940778678|-5279.905922132215|0|0|0|0.0
237|Close_NoOpen|17170.82|994720.0940778678|-5279.905922132215|0|0|0|0.0
238|Long_Open|17434.47|994720.0940778678|-5279.905922132215|1|5.705479398443817|99472.00940778678|99472.00940778678
239|Close|17934.99|997473.4729104206|-2526.52708957941|0|0|0|0.0
240|Close_NoOpen|18843.04|997473.4729104206|-2526.52708957941|0|0|0|0.0
241|Close_NoOpen|19925.0|997473.4729104206|-2526.52708957941|0|0|0|0.0
242|Close_NoOpen|20946.55|997473.4729104206|-2526.52708957941|0|0|0|0.0
243|Close_NoOpen|20865.25|997473.4729104206|-2526.52708957941|0|0|0|0.0
244|Close_NoOpen|21178.36|997473.4729104206|-2526.52708957941|0|0|0|0.0
245|Close_NoOpen|21124.0|997473.4729104206|-2526.52708957941|0|0|0|0.0
246|Long_Open|20660.91|997473.4729104206|-2526.52708957941|1|4.827829330413911|99747.34729104207|99747.34729104207
247|Close|21077.61|999383.470288631|-616.5297113689551|0|0|0|0.0
248|Close_NoOpen|22664.78|999383.470288631|-616.5297113689551|0|0|0|0.0
249|Close_NoOpen|22780.78|999383.470288631|-616.5297113689551|0|0|0|0.0
250|Close_NoOpen|22711.79|999383.470288631|-616.5297113689551|0|0|0|0.0
251|Close_NoOpen|22915.79|999383.470288631|-616.5297113689551|0|0|0|0.0
252|Close_NoOpen|22631.09|999383.470288631|-616.5297113689551|0|0|0|0.0
253|Long_Open|23052.85|999383.470288631|-616.5297113689551|1|4.335184024051825|99938.34702886312|99938.34702886312
254|Close|23014.41|999117.0541121915|-882.9458878084794|0|0|0|0.0
255|Long_Open|23076.79|999117.0541121915|-882.9458878084794|1|4.329532201455192|99911.70541121915|99911.70541121915
256|Close|23018.6|998765.4588634564|-1234.541136543579|0|0|0|0.0
257|Close_NoOpen|23748.04|998765.4588634564|-1234.541136543579|0|0|0|0.0
258|Close_NoOpen|22834.18|998765.4588634564|-1234.541136543579|0|0|0|0.0
259|Long_Open|23126.91|998765.4588634564|-1234.541136543579|1|4.318629072640731|99876.54588634566|99876.54588634566
260|Close|23743.06|1001323.8446973745|1323.8446973745536|0|0|0|0.0
261|Close_NoOpen|23484.14|1001323.8446973745|1323.8446973745536|0|0|0|0.0
262|Long_Open|23432.85|1001323.8446973745|1323.8446973745536|1|4.2731628662214565|100132.38446973744|100132.38446973744
263|Close|23340.07|1000827.6447262275|827.6447262275314|0|0|0|0.0
264|Close_NoOpen|22956.41|1000827.6447262275|827.6447262275314|0|0|0|0.0
265|Long_Open|22766.52|1000827.6447262275|827.6447262275314|1|4.396050185650805|100082.76447262276|100082.76447262276
266|Close|23247.28|1002838.8936039212|2838.893603921135|0|0|0|0.0
267|Close_NoOpen|22964.0|1002838.8936039212|2838.893603921135|0|0|0|0.0
268|Hold|21805.29|1002838.8936039212|2838.893603921135|0|0|0|0.0